              precision    recall  f1-score   support

 T-shirt/top     0.8540    0.9003    0.8765      1033
     Trouser     0.9951    0.9893    0.9922      1032
    Pullover     0.9089    0.8801    0.8943      1009
       Dress     0.9291    0.9414    0.9352      1058
        Coat     0.8667    0.9203    0.8927      1116
      Sandal     0.9905    0.9793    0.9849      1065
       Shirt     0.8277    0.7590    0.7919      1025
     Sneaker     0.9551    0.9802    0.9675      1063
         Bag     0.9971    0.9801    0.9885      1056
  Ankle boot     0.9796    0.9664    0.9730      1043

    accuracy                         0.9303     10500
   macro avg     0.9304    0.9297    0.9297     10500
weighted avg     0.9304    0.9303    0.9300     10500
